 01     096     100     096     100     100     098     097     090     078     070     051     045
 02     099     099     099     099     099     095     093     083     068     059     040     034
 03     100     096     100     097     096     090     087     075     057     048     030     025
 04     097     091     098     093     092     083     080     065     045     037     020     017
 05     093     084     094     087     086     076     071     054     034     026     013     010
 06     086     076     089     081     079     067     061     043     023     017     007     005
 07     078     067     082     073     070     057     051     032     014     010     003     002
 08     069     058     074     064     061     047     040     021     007     004     000     000
 09     059     048     065     054     051     036     029     012     002     001     000     001
 10     049     039     056     045     041     026     019     006     000     000     002     003
 11     040     030     047     035     031     016     011     001     000     001     006     007
 12     031     021     037     026     022     009     004     000     003     005     011     012
 13     022     014     028     017     013     003     001     001     008     010     018     019
 14     015     008     020     010     006     000     000     005     014     016     025     027
 15     009     003     012     004     002     001     003     011     022     024     034     036
 16     004     001     006     001     000     004     008     019     030     032     043     045
 17     001     000     002     000     001     010     015     028     040     041     053     055
 18     000     002     000     002     006     018     023     037     049     051     062     066
 19     001     006     001     008     013     028     033     047     058     060     072     076
 20     004     012     004     015     021     038     043     056     068     070     081     085
 21     009     021     010     024     032     048     053     065     076     078     089     092
 22     016     030     018     035     042     059     063     074     084     086     095     097
 23     024     041     027     046     053     068     072     082     091     093     099     100
 24     034     053     038     057     063     077     080     089     096     097     100     099
 25     045     064     050     068     073     084     087     094     099     100     098     096
 26     056     075     061     077     081     091     092     098     100     099     093     089
 27     068     084     071     085     088     095     097     100     099     096     086     081
 28     078     091     081     092     094     098     099     100     095     091     077     072
 29     087     ***     088     096     097     100     100     097     088     083     067     061
 30     094     ***     094     099     099     099     099     093     080     073     056     051
 31     098     ***     098     ***     100     ***     096     086     ***     063     ***     040
 
