 01     037     047     039     054     060     079     086     096     100     100     099     098
 02     046     057     049     064     071     087     093     099     100     099     096     095
 03     055     066     059     074     081     094     097     100     098     097     091     089
 04     065     076     070     084     089     098     100     099     094     093     085     082
 05     074     084     079     092     096     100     100     095     089     087     078     074
 06     082     091     087     097     099     099     097     091     082     080     069     064
 07     089     097     094     100     100     095     093     084     074     072     059     053
 08     095     099     098     099     098     090     087     077     066     063     048     042
 09     099     100     100     096     093     082     079     068     056     053     037     031
 10     100     097     098     090     086     074     071     059     047     043     027     021
 11     099     091     094     082     077     065     062     050     037     032     017     012
 12     095     083     087     073     068     055     052     040     027     022     009     005
 13     089     074     078     063     058     046     043     031     018     014     003     001
 14     080     063     068     052     049     036     034     022     010     007     000     000
 15     070     052     057     042     039     027     025     014     004     002     000     002
 16     059     041     046     033     030     019     017     007     001     000     003     006
 17     048     031     036     024     022     012     010     003     000     001     009     012
 18     037     022     027     016     014     007     005     000     003     006     017     020
 19     026     014     019     010     008     002     001     001     008     013     026     029
 20     018     008     012     005     004     000     000     004     016     021     036     038
 21     010     003     006     002     001     000     001     010     025     031     046     048
 22     005     001     003     000     000     002     005     018     036     042     056     057
 23     001     000     001     001     001     007     012     028     047     052     065     067
 24     000     001     000     003     004     014     020     039     057     062     074     075
 25     001     004     002     007     009     022     030     050     068     072     082     083
 26     003     009     005     012     016     032     041     061     077     080     088     089
 27     008     015     010     020     025     043     053     071     085     087     094     095
 28     014     022     016     028     035     055     064     081     091     093     097     098
 29     021     030     024     038     046     066     074     088     096     097     100     100
 30     029     ***     033     049     057     077     083     094     099     099     100     100
 31     038     ***     043     ***     068     ***     091     098     ***     100     ***     097