 01     012     024     012     028     035     052     057     070     080     083     092     094 
 02     019     034     021     039     046     063     067     078     087     090     097     099
 03     028     045     031     050     057     072     075     085     093     095     100     100
 04     038     057     042     061     067     080     083     091     097     099     099     098
 05     049     068     053     071     076     087     090     096     100     100     096     093
 06     061     078     064     080     084     093     095     099     100     099     091     086
 07     071     087     075     088     091     097     098     100     097     095     083     077
 08     081     094     084     094     096     099     100     099     093     088     073     067
 09     090     098     091     098     099     100     100     096     086     080     062     056
 10     096     100     096     100     100     099     098     091     077     070     051     046
 11     099     099     099     100     099     096     094     084     067     059     040     035
 12     100     097     100     098     097     091     088     075     056     047     030     026
 13     098     092     099     094     093     085     081     065     045     036     021     018
 14     093     085     095     089     087     077     072     054     033     026     013     011
 15     087     078     090     082     080     068     062     042     023     017     007     006
 16     079     069     084     075     072     058     051     031     014     010     003     002
 17     071     060     076     066     063     047     040     021     007     005     001     000
 18     061     051     068     057     053     036     029     012     003     001     000     000
 19     052     041     059     047     043     026     019     005     000     000     002     002
 20     042     032     049     037     032     016     010     001     000     001     005     005
 21     033     024     040     027     022     009     004     000     003     004     010     010
 22     025     016     030     018     014     003     001     001     007     009     016     017
 23     017     009     022     010     007     000     000     005     013     015     023     025
 24     010     004     014     005     002     001     003     010     020     022     031     034
 25     005     001     007     001     000     004     007     018     028     030     041     044
 26     002     000     003     000     002     010     014     026     037     039     051     054
 27     000     002     000     003     006     018     022     035     047     048     061     064
 28     001     006     001     008     013     027     032     044     056     058     071     075
 29     003     ***     004     015     021     037     041     054     065     068     080     084
 30     008     ***     010     025     031     047     051     063     074     077     088     092
 31     015     ***     018     ***     042     ***     061     072     ***     085     ***     097