 01     055     044     052     039     033     016     010     002     000     001     004     005
 02     045     035     042     028     023     008     004     000     002     003     008     010
 03     036     026     033     019     014     003     001     001     006     007     014     016
 04     027     017     023     011     006     000     000     004     011     012     021     024
 05     019     010     015     004     002     001     002     009     017     019     030     033
 06     012     005     008     001     000     004     006     015     025     027     039     043
 07     006     001     003     000     002     009     013     023     034     036     049     054
 08     002     000     000     003     006     017     020     031     043     046     060     065
 09     000     002     001     008     012     025     029     041     053     056     070     075
 10     001     006     004     016     021     035     038     050     062     066     080     085
 11     004     013     010     025     030     044     047     059     072     075     088     092
 12     009     022     019     035     040     054     057     069     081     084     095     097
 13     016     033     029     046     051     063     066     077     088     092     099     100
 14     026     044     040     056     060     072     075     085     094     097     100     099
 15     036     055     051     066     070     080     083     092     099     100     098     096
 16     048     066     061     075     078     087     089     097     100     099     093     090
 17     059     076     071     083     085     093     095     099     099     096     086     082
 18     070     084     080     090     091     097     098     100     095     090     077     073
 19     079     091     087     095     096     099     100     098     088     082     067     063
 20     088     096     093     098     099     100     099     093     079     072     056     053
 21     094     099     097     100     100     098     096     086     069     062     046     044
 22     098     100     099     100     099     094     091     077     058     051     036     034
 23     100     099     100     098     097     089     084     066     046     040     027     026
 24     099     096     099     094     092     081     074     055     036     030     019     018
 25     097     092     095     089     086     072     064     043     026     021     012     011
 26     093     086     091     082     078     061     053     032     017     014     007     006
 27     087     079     085     074     069     050     041     022     010     008     003     002
 28     080     071     077     065     058     039     030     014     005     004     001     000
 29     072     062     069     054     047     028     020     007     002     001     000     000
 30     063     ***     059     044     036     018     012     003     000     000     002     002
 31     054     ***     049     ***     026     ***     006     000     ***     001     ***     006