 01     017     009     020     012     010     003     002     001     008     013     025     027
 02     010     004     013     007     005     001     000     004     016     021     034     036
 03     005     001     007     003     002     000     001     010     025     030     044     045
 04     002     000     003     001     000     002     005     019     035     041     053     054
 05     000     001     001     000     001     007     012     028     046     051     063     064
 06     000     003     000     002     004     014     021     039     057     060     071     073
 07     003     007     001     006     009     023     031     050     066     070     079     081
 08     006     013     004     012     016     033     042     061     075     078     087     088
 09     012     020     009     019     025     044     053     071     083     085     092     093
 10     019     029     015     028     035     056     064     080     090     091     097     098
 11     026     038     023     039     047     067     074     087     095     096     099     100
 12     035     048     033     050     058     077     083     093     098     099     100     100
 13     045     059     043     061     069     086     090     097     100     100     098     097
 14     055     069     054     072     079     092     095     099     100     099     095     093
 15     065     079     065     082     088     097     099     100     098     097     090     086
 16     075     088     075     090     094     100     100     099     094     092     082     077
 17     084     095     084     096     098     100     099     095     089     086     073     066
 18     091     099     092     099     100     098     097     091     082     078     063     055
 19     097     100     097     100     099     094     093     085     074     069     052     044
 20     100     098     100     098     096     089     087     077     064     059     040     033
 21     100     093     099     093     091     082     080     068     054     048     029     023
 22     096     086     096     087     084     074     072     059     043     037     019     014
 23     091     078     090     079     077     066     063     049     033     026     011     007
 24     082     068     083     071     068     056     053     038     022     016     005     003
 25     073     058     074     061     059     047     043     028     013     008     001     000
 26     062     047     064     052     050     037     033     019     006     003     000     000
 27     052     038     054     042     040     028     024     011     002     000     002     003
 28     041     028     045     033     031     019     015     004     000     001     005     007
 29     031     ***     035     025     022     012     008     001     002     004     011     013
 30     022     ***     026     017     015     006     003     000     006     009     018     020
 31     015     ***     019     ***     008     ***     000     003     ***     016     ***     028