 01     004     013     004     016     021     036     040     052     064     067     081     085
 02     009     022     010     025     031     046     050     062     073     077     089     093
 03     017     032     019     036     042     056     059     071     082     085     095     098
 04     026     043     029     046     052     065     068     079     089     092     099     100
 05     036     055     040     057     062     074     077     086     095     097     100     099
 06     047     066     051     067     071     082     084     093     099     100     098     095
 07     059     076     062     076     080     089     090     097     100     099     093     089
 08     070     084     072     084     087     094     095     100     099     096     085     081
 09     079     091     081     091     092     098     099     100     095     090     076     071
 10     088     096     088     095     097     100     100     098     088     082     066     061
 11     094     099     094     099     099     100     099     093     079     072     055     051
 12     098     100     098     100     100     098     096     086     069     061     045     041
 13     100     099     100     099     099     094     091     077     058     050     035     032
 14     099     095     100     097     096     088     084     067     047     039     026     024
 15     096     091     098     093     091     081     075     055     036     029     018     016
 16     092     084     095     088     085     072     064     044     026     020     011     010
 17     085     077     090     081     077     062     053     033     017     013     006     005
 18     078     069     083     073     068     051     042     023     010     007     002     002
 19     069     059     075     063     058     039     031     014     004     003     000     000
 20     060     050     067     053     047     029     021     007     001     001     000     001
 21     051     040     057     043     036     019     012     003     000     000     002     003
 22     042     031     047     032     026     010     006     000     001     002     006     007
 23     032     022     037     022     016     004     002     000     004     005     011     013
 24     024     014     027     013     008     001     000     002     008     009     017     020
 25     016     007     018     006     003     000     001     006     014     016     025     029
 26     009     002     010     002     000     002     005     012     021     023     034     039
 27     004     000     004     000     001     007     010     019     029     031     044     050
 28     001     001     001     001     004     014     017     027     038     041     055     061
 29     000     ***     000     006     010     022     025     036     048     051     066     071
 30     002     ***     003     013     017     030     033     045     058     061     076     081
 31     006     ***     008     ***     026     ***     043     055     ***     071     ***     090