 01     002     001     001     000     001     005     006     015     029     036     056     063
 02     000     003     000     002     003     010     012     023     039     047     067     073
 03     002     008     001     006     008     016     019     032     050     059     077     082
 04     006     015     005     012     014     023     027     042     061     070     085     089
 05     012     024     010     019     021     032     036     053     072     080     092     094
 06     021     033     017     027     029     041     047     064     082     088     097     098
 07     030     042     025     036     038     051     057     075     090     094     099     100
 08     040     052     034     045     048     062     068     084     096     098     100     100
 09     050     061     044     055     057     072     078     092     099     100     098     098
 10     060     070     053     064     067     081     087     097     100     099     095     094
 11     069     078     062     073     077     089     094     100     098     096     090     089
 12     077     085     071     082     085     095     098     099     093     091     083     082
 13     085     091     079     089     092     099     100     096     087     085     075     074
 14     091     096     087     095     097     100     098     090     079     077     067     066
 15     095     099     093     099     100     097     094     083     070     068     058     056
 16     098     100     097     100     100     092     087     074     061     059     048     046
 17     100     099     099     099     096     085     079     064     052     050     039     036
 18     099     095     100     095     090     075     069     054     042     040     029     027
 19     097     090     097     088     082     065     059     045     033     031     020     018
 20     093     083     093     080     072     054     049     035     024     023     013     010
 21     086     074     086     070     062     044     039     027     017     015     006     004
 22     079     063     077     059     050     034     029     019     010     008     002     001
 23     069     052     067     047     040     024     021     012     005     003     000     000
 24     059     041     056     036     029     017     014     007     002     001     001     003
 25     048     030     044     026     020     010     008     003     000     000     005     008
 26     037     020     033     017     013     005     004     001     001     002     011     016
 27     026     012     023     010     007     002     001     000     004     007     019     025
 28     017     005     014     005     003     000     000     002     009     014     030     036
 29     009     ***     007     001     000     000     001     006     016     023     040     047
 30     003     ***     003     000     000     003     004     012     025     033     052     058
 31     001     ***     000     ***     002     ***     009     019     ***     044     ***     068