 01     077     086     073     082     084     093     096     100     096     093     083     081
 02     084     092     080     089     091     097     099     098     090     086     074     073
 03     091     096     087     094     096     100     100     094     082     077     065     064
 04     096     099     093     098     099     099     097     087     072     068     056     055
 05     099     100     097     100     100     096     092     078     062     058     046     045
 06     100     099     099     100     099     091     085     068     052     048     037     036
 07     099     096     100     097     095     083     075     057     042     039     028     027
 08     097     092     099     093     089     073     065     047     032     030     020     019
 09     093     086     095     086     081     062     054     037     024     022     013     012
 10     088     078     090     078     071     051     043     027     016     014     007     006
 11     081     070     083     068     060     040     032     019     010     008     003     002
 12     073     060     075     057     048     029     023     012     005     004     000     000
 13     064     049     065     046     037     020     015     006     002     001     000     001
 14     054     038     054     035     026     012     009     003     000     000     002     004
 15     043     028     043     024     017     006     004     001     000     001     006     010
 16     033     018     032     015     010     002     001     000     003     004     013     018
 17     023     010     021     008     004     000     000     002     007     009     021     028
 18     014     004     012     003     001     000     001     005     012     016     031     039
 19     007     001     006     000     000     003     004     010     020     025     042     050
 20     002     000     001     000     001     006     008     016     029     035     054     061
 21     000     003     000     003     005     012     014     024     039     046     065     072
 22     001     009     001     008     010     019     021     033     049     057     075     081
 23     006     016     005     014     016     026     029     043     061     068     084     089
 24     012     025     011     022     024     035     039     054     071     078     092     094
 25     021     034     019     030     033     045     048     064     081     087     097     098
 26     031     044     028     039     042     054     059     075     090     094     099     100
 27     041     054     037     049     051     064     069     084     096     098     100     099
 28     051     064     047     058     061     074     078     092     099     100     098     097
 29     061     ***     056     067     070     082     087     097     100     099     094     093
 30     071     ***     066     076     079     090     094     100     097     095     088     087
 31     079     ***     074     ***     087     ***     098     099     ***     090     ***     080