 01     072     062     069     054     047     027     020     008     002     001     000     000
 02     063     052     059     043     036     018     012     003     000     000     001     002
 03     054     042     049     032     025     010     006     001     000     001     005     007
 04     044     032     038     022     016     004     002     000     003     003     010     013
 05     035     023     028     013     008     001     000     002     006     008     017     020
 06     026     014     018     006     003     000     001     005     012     014     025     030
 07     017     007     010     002     000     002     004     010     018     021     034     040
 08     010     002     004     000     001     006     008     016     026     030     045     051
 09     004     000     001     001     004     012     014     024     035     039     056     063
 10     001     001     000     006     009     019     022     032     045     050     067     073
 11     000     005     003     012     016     027     030     042     055     060     077     083
 12     002     011     008     020     024     036     039     051     065     071     086     091
 13     007     020     016     030     033     046     048     061     075     081     093     096
 14     015     030     025     040     043     055     058     071     084     089     098     099
 15     024     041     035     050     053     064     067     080     092     096     100     100
 16     034     051     046     059     062     073     076     088     097     099     099     097
 17     046     062     056     069     071     081     084     094     100     100     095     093
 18     057     072     066     077     079     088     091     098     099     097     089     087
 19     067     080     075     084     086     094     096     100     096     092     081     079
 20     077     087     083     091     092     098     099     099     090     085     072     070
 21     085     093     089     095     097     100     100     094     081     076     063     061
 22     091     097     094     099     099     099     098     087     072     066     053     052
 23     096     099     098     100     100     096     093     079     061     056     044     042
 24     099     100     100     099     098     091     085     068     050     046     034     033
 25     100     099     100     097     095     083     076     057     040     036     026     025
 26     099     096     098     092     089     074     066     046     030     027     018     017
 27     096     091     095     086     081     063     054     036     022     019     011     010
 28     092     085     089     078     072     052     043     026     014     012     006     005
 29     086     077     082     069     061     041     032     017     008     007     002     002
 30     079     ***     074     058     050     030     023     010     004     003     000     000
 31     071     ***     065     ***     038     ***     014     005     ***     001     ***     001