 01     093     082     092     079     072     056     051     039     028     025     013     010
 02     086     072     085     068     062     046     042     030     019     017     007     004
 03     078     061     075     058     051     036     032     022     012     009     002     001
 04     068     050     065     046     040     027     024     014     006     004     000     000
 05     057     039     054     036     031     019     016     008     002     001     001     003
 06     046     028     042     026     022     012     010     004     000     000     005     009
 07     035     019     032     018     014     006     005     001     001     002     012     017
 08     024     011     022     011     008     003     002     000     004     007     021     026
 09     015     005     014     005     004     000     000     002     009     015     031     036
 10     008     001     008     002     001     000     001     006     017     024     042     047
 11     003     000     003     000     000     002     003     012     027     035     052     057
 12     000     001     001     000     001     005     008     020     038     046     063     067
 13     000     004     000     003     003     010     014     029     049     057     073     076
 14     003     009     002     006     008     017     022     040     060     067     081     083
 15     008     016     005     012     014     025     032     051     071     077     088     090
 16     014     023     010     018     021     035     043     063     080     085     094     095
 17     022     031     017     026     030     046     054     073     088     092     098     098
 18     030     040     024     035     039     057     065     083     094     096     100     100
 19     040     050     033     045     050     068     076     091     098     099     100     100
 20     049     059     042     055     060     078     085     096     100     100     098     098
 21     058     069     051     065     071     087     092     099     099     099     095     094
 22     067     077     061     075     081     094     097     100     097     096     090     089
 23     076     085     071     084     089     098     100     098     092     091     084     082
 24     084     092     080     092     095     100     099     094     087     085     076     074
 25     090     097     088     097     099     099     096     089     080     078     068     064
 26     095     099     094     100     100     094     091     082     071     070     058     054
 27     099     100     098     099     098     088     084     073     063     061     048     043
 28     100     097     100     096     092     080     076     065     053     051     037     032
 29     099     ***     099     090     085     071     067     055     044     041     027     022
 30     095     ***     094     082     076     061     058     046     034     031     018     013
 31     089     ***     088     ***     066     ***     048     037     ***     022     ***     006