 01     100     098     100     098     097     091     089     079     065     058     038     031
 02     099     093     099     094     093     085     083     071     054     046     028     022
 03     096     087     096     089     087     078     075     061     043     035     018     013
 04     090     078     091     082     080     069     066     050     032     024     010     007
 05     082     069     084     073     072     060     056     039     022     015     005     003
 06     072     059     076     065     063     050     046     029     013     008     001     000
 07     062     049     066     055     053     040     035     019     006     003     000     000
 08     052     040     057     046     044     031     025     010     002     000     001     002
 09     042     031     047     037     034     021     016     004     000     001     005     006
 10     032     022     038     028     025     013     008     001     002     003     010     011
 11     024     015     029     019     017     006     003     000     006     008     017     018
 12     016     009     021     012     010     002     000     003     012     015     024     025
 13     010     004     014     006     004     000     001     008     020     023     033     034
 14     005     001     008     002     001     001     004     015     029     031     042     043
 15     002     000     003     000     000     006     010     024     038     041     051     053
 16     000     001     001     001     002     012     018     034     048     050     061     062
 17     000     004     000     004     007     021     028     044     058     060     070     072
 18     002     008     002     009     014     031     039     054     067     069     078     081
 19     006     015     006     017     024     042     049     064     075     077     086     088
 20     012     023     012     026     034     053     060     073     083     085     092     095
 21     019     033     020     037     046     064     069     081     089     091     097     099
 22     028     044     029     048     057     074     078     088     095     096     100     100
 23     038     055     040     060     067     082     086     093     098     099     100     099
 24     048     066     051     070     077     089     092     097     100     100     097     094
 25     059     076     063     080     085     094     096     099     099     099     092     087
 26     070     086     073     088     092     098     099     100     097     095     084     079
 27     080     093     083     094     096     100     100     098     093     089     075     068
 28     089     098     091     098     099     100     099     095     086     081     064     057
 29     095     ***     096     100     100     098     097     090     078     072     053     046
 30     099     ***     099     099     099     094     093     083     068     061     042     036
 31     100     ***     100     ***     096     ***     087     074     ***     049     ***     026

